54977
9998
467
18930
17078
54682
5685
54761
27036
7690
29238
51258
5329
63704
58304
52665
15580
28560
49895
43994
44618
49767
24090
22952
41191
47945
3992
4298
19251
52768
10208
57958
21632
44360
9562
64791
34886
47362
5730
11068
31169
27029
66768
62219
50777
31383
64378
15858
35447
5424
62771
10581
31402
28371
62839
16458
61969
53751
3077
6362
58412
42650
47976
30115
10393
61310
27522
48454
42097
43606
37609
6400
52301
30810
16781
29412
25989
62228
50643
21303
49378
43045
35085
9282
6737
33230
9944
5667
49337
7330
49656
43717
58853
3312
51332
23093
490
21215
46533
68918
33208
18215
29229
44299
21256
56236
46444
12199
26866
48628
59711
9094
62792
69008
47022
30358
48920
9798
5531
48487
16925
20865
13717
68221
43
9062
27913
8725
37933
53390
31528
62456
8427
65784
5890
60748
23298
50140
57735
30752
16737
21891
27789
54831
45350
18903
60474
62314
14084
37425
42806
34007
3064
23515
69136
44329
69374
38224
46434
27225
68092
44394
28513
62532
52306
14201
63279
16667
28407
54035
11630
29482
17331
12030
23740
39291
12428
57263
4834
48824
32782
51614
15111
25540
5873
34747
67614
40448
40873
3835
48411
16510
1717
42823
47658
68456
8119
56659
59332
22836
64562
52523
20572
40010
60690
48669
9216
40465
43977
43763
16765
9893
52144
20120
66944
54363
40370
67015
54370
27317
2645
8530
15149
2448
21622
41997
41457
5347
61831
23075
14668
24219
19201
38165
4168
52262
30248
61064
15260
17558
14703
17797
17482
55442
69839
24257
30671
53316
56309
9520
31426
69300
10276
28234
63082
55700
3328
65955
37731
47170
21926
7421
39043
3993
2367
56879
36217
53080
66211
48775
46802
48770
10843
22823
53672
67718
28742
8967
61643
30349
34496
46955
34665
26711
10448
30442
25960
57934
57340
61029
14798
34043
14358
50004
57439
66254
1655
34504
61946
51001
40878
24243
9290
2101
15666
7282
15362
7078
51312
64748
45986
38819
5904
45448
20176
1968
40819
9097
64203
56313
52837
59553
68819
11343
16570
10657
5233
50435
48285
27118
7008
66482
21285
64483
14931
52145
5413
22983
48229
25213
48499
68780
59742
10193
56563
38708
30950
58373
22721
22492
20126
13072
17706
19145
6144
50612
26667
46137
41938
59917
24014
45138
14630
47467
24392
53307
39020
32269
62672
20362
12095
6440
27825
36862
19861
14176
31023
11441
69860
47692
16496
16929
54214
2029
38292
35826
32786
26231
44846
31597
42473
40033
37458
23225
38632
23130
38346
4862
30202
58789
7016
59939
47533
56394
64759
20054
47805
20655
20400
25557
7119
27525
35153
16589
17415
50981
62652
56496
55507
59435
46483
12653
46289
1540
49110
20019
27952
51033
56362
35007
10048
37068
37327
42250
65678
2459
22554
65522
13461
16545
21551
28648
4014
26829
36709
40227
7529
15017
2133
1766
25673
3811
27156
4922
34931
15524
57577
35148
23693
44631
17096
19648
16000
67974
64620
44026
45759
20395
54189
63944
31739
19058
65404
28491
51016
6638
632
41959
60277
67379
60131
35597
60428
28925
24097
14930
32332
13284
10793
5167
17910
61327
16634
38097
58340
31127
63684
59592
30891
46821
5986
34675
20781
33133
30678
4108
52106
19539
36099
13801
58242
10631
7664
63811
41228
5718
47775
63005
63983
30539
23401
27116
53001
52042
44601
41334
39264
967
46555
69596
57009
11715
62216
19121
27947
31470
50559
41857
54607
48501
38299
52414
14728
13227
21276
432
21785
18817
3962
3294
2257
12539
30864
55153
18416
38113
26137
5057
61461
54079
26336
52716
63302
9994
55100
28725
11854
52034
44294
69200
3929
16094
21417
12324
44199
45603
62473
47916
46218
25643
36799
4728
6260
8136
14651
59620
50638
44277
50261
52197
20415
60845
22719
23311
42723
52363
7978
26414
34330
501
51272
8075
9899
28525
52276
66430
16899
65180
40932
16457
56103
65333
11520
67917
6728
3138
46641
68058
27599
10527
21459
6351
13650
32631
17285
19518
63379
19006
47676
65583
11764
6741
16295
23209
34227
34106
39259
14911
56740
33095
39305
22018
41732
24518
13955
4696
66473
46518
68453
29083
43800
68617
42899
51105
64028
42697
41035
69926
28550
47466
57836
21594
45563
57016
16837
27908
29799
49432
63020
25816
13063
57997
46676
40303
42549
63349
42683
58298
34425
22308
22551
53919
29065
33298
48306
67705
9178
46249
38580
39819
18491
37682
50313
47638
48221
48965
27784
38464
32133
57518
14202
1201
13878
44587
54587
57336
27078
46414
55972
36316
64238
62492
4448
24944
38263
3847
40672
59659
2554
31899
43839
48431
21395
17039
26203
30871
2629
14844
63036
66364
69713
25720
25052
6536
38220
46971
48672
53275
59262
28813
32417
34615
13283
51263
1426
18766
43249
29186
67721
10585
16086
57700
22392
34215
59478
57631
61733
8038
9545
68142
46171
56584
56507
48872
36183
44701
25660
8577
13036
22951
61484
37761
52521
32075
13760
38035
30172
30546
68594
30109
20737
47760
56877
20951
11313
16863
53133
42507
34077
6029
4455
50277
42252
28313
54066
45939
15628
49226
60055
31575
14296
47378
24834
3553
41221
21207
31562
21301
17568
34332
66721
8726
25341
16083
61938
37445
23339
55351
10510
16666
22372
34276
63928
65215
44127
56329
35173
44341
16159
63678
1796
51689
8963
66679
56116
31205
29533
38787
42276
55563
20938
18731
40973
41582
43073
17353
7010
16997
14091
55374
42835
1698
30437
8647
64793
30289
22070
1373
1815
20061
3640
48392
4237
11244
1860
468
10139
60573
20085
19192
34962
62246
20579
54059
44681
57083
36636
16249
3858
10303
31887
13479
69959
3646
1437
49321
27059
43161
55953
13803
46175
35792
38597
20398
48250
53946
37635
35526
66534
60096
39502
58315
30400
38077
60397
49413
3473
5492
3776
43797
553
35246
24837
44916
31125
52683
61640
23620
10654
9359
55610
33411
31542
13325
51639
47024
56448
8645
12120
7254
6844
41594
10075
8805
34102
26458
40853
17822
18798
21968
55275
32657
16537
61443
63310
26503
35622
15916
34056
55981
17204
36569
21486
17359
40890
36727
19669
56444
48311
40409
44722
22391
2934
36670
50369
39496
65033
27739
63646
32379
50719
21251
64088
33060
60672
27976
63106
41946
51790
27358
61202
20047
8793
43664
10045
4053
24874
20255
20440
61684
65885
46525
35214
24637
51374
69619
23991
61308
40464
58527
30631
60814
69919
57528
15818
2562
6628
61585
45426
30648
60447
26979
55510
65412
19762
46532
62782
27586
27144
51366
67701
64690
45297
49376
43259
13434
987
53956
464
7441
605
45844
14662
33079
45467
27527
55021
1438
25076
24188
17395
53418
29887
21834
36420
60091
69566
21099
66684
61302
47407
21853
29525
40231
32523
6333
56321
14592
29891
58477
49755
38129
37568
16803
14853
15236
49505
45787
12401
39679
45379
29380
57184
25466
16786
57789
39883
56509
28352
33923
61528
48365
66810
14841
25788
31534
11968
32010
65990
29671
22848
24082
3579
43837
4332
35299
56168
49102
23251
23585
6643
26609
26694
22945
11015
49238
56674
37309
54568
34960
59227
19312
37337
5298
16959
36305
34936
35041
56473
14466
3596
64866
67425
38522
39155
28225
28328
34005
60218
16586
43223
34952
37008
45774
59499
58862
9309
43920
33112
24441
44775
7455
60699
68089
12598
33206
31619
54695
10606
41546
50839
55356
68345
37273
13790
34302
18880
23837
11157
55293
46744
25363
47631
32186
58309
38497
43279
25563
17147
34780
37557
39802
24936
11902
14762
5631
66886
3007
46245
44986
45706
58807
15649
69587
1743
11117
31291
30282
18977
37804
48854
33712
68094
34864
32134
45351
49727
21776
45101
64234
22986
17795
12181
55896
31657
6736
10351
15343
22203
17838
42421
20714
62392
44077
53692
4586
690
67748
51581
64202
56317
10646
48046
33125
31366
29906
54245
29530
5824
31371
30153
19796
27421
22498
11980
24480
56527
62244
8276
32494
3392
59091
27115
38024
45203
42628
12121
37044
28088
59381
33492
22982
21045
29707
31235
46737
17772
32293
37692
46640
32966
51243
3067
69317
4208
33776
69090
50686
39462
39725
38248
18137
38420
37596
11469
28782
39058
31509
36771
30244
33556
13569
31271
4903
64708
31714
32394
33160
4124
6223
54162
69882
61779
51872
46839
5350
66040
43881
10470
40040
36851
10921
40050
3675
62204
64005
1972
40272
38050
8372
13191
59868
9457
52388
50938
30296
9030
30776
53230
27074
45935
31994
40663
56068
56069
47684
39493
61251
63655
4961
35724
11694
57804
36525
35817
13236
57027
25032
42209
20048
53778
10726
58565
69065
57786
66894
36299
25234
65569
69915
14765
34291
22549
42164
10103
62089
13701
58662
7031
36518
18271
69240
48382
2815
55861
41154
55279
64412
2510
20509
49075
39414
38032
61908
28714
55886
56938
21537
14575
50701
25938
67126
34694
9445
64941
32266
14020
7139
774
69049
41249
48955
66127
19091
3716
12838
8327
55037
7113
54090
25034
788
63745
42865
31885
68441
43298
5223
63385
13323
44652
32924
45453
34049
17650
48656
13315
6659
65134
61403
42584
37056
66410
35208
31860
24753
45667
25745
60025
447
36931
24360
32288
22796
3282
66765
34140
61470
3663
42449
13698
15623
53466
65443
54601
7996
29017
17535
18682
26253
16785
25173
36052
2500
61630
55618
61963
23299
46925
61947
40591
69730
29052
23476
31789
65767
61085
32367
34740
42758
67995
36654
36927
15812
29721
2817
61118
25820
4745
63959
306
48261
33792
23948
27537
24519
42453
10768
31479
2772
22726
35719
28785
24318
23098
28695
11363
68444
35363
2320
51740
45645
37952
40354
32885
5507
39308
50146
42274
66122
63509
60860
47742
22638
2403
45474
42302
57817
42190
8134
38891
3674
64908
11900
16820
14397
4567
11745
62099
7708
7261
42728
52412
44529
52792
31490
23263
26029
59434
38822
69661
9205
69055
55031
50114
1634
59764
39701
36386
27331
31966
31172
29049
15066
58168
2060
48876
40251
12859
62820
69089
68370
65691
64526
47525
22989
36866
17693
23090
20198
16170
66125
53945
12148
16221
20741
8386
65083
9796
6416
68130
66819
3112
35023
14454
38779
24706
22277
35043
46365
26502
17222
38085
59637
47489
24482
5504
60950
9599
23797
41899
66621
22050
64258
67555
34164
12455
19664
33054
31955
21258
12965
45327
28931
50830
1795
33744
43778
52013
2558
28723
27099
16415
13189
20800
30326
17692
48792
25404
38460
25735
7852
63227
54658
39005
12977
48470
26897
60171
3377
45707
5790
216
5664
52382
9556
56807
62883
28205
39941
65645
30944
63919
33041
26903
30463
25259
317
35928
12790
66736
33554
24162
38383
14245
3511
29969
9408
68144
46347
7987
25140
30353
55468
60026
1318
67572
25302
143
8700
17864
14218
26734
47543
41028
29996
30829
46501
44076
12591
13424
31175
38125
54350
64390
58677
49529
9773
8658
33485
6438
62869
21109
41833
41950
7415
1853
45223
60190
9045
31018
69565
22655
58513
15308
60101
20185
40486
27271
7274
35053
52384
23458
10245
4751
43980
37683
43307
25941
58438
53824
23096
36388
12615
35758
13538
10549
1139
25819
30077
47770
31481
15833
59528
65760
25727
24700
63854
55059
58079
11954
58177
41320
29228
13222
30446
32294
37673
45853
33623
56082
24336
23842
14472
41979
62176
19788
54705
34135
50756
68893
22016
59413
6276
31957
53758
14892
24866
33536
50047
43270
45271
8198
60878
1519
36119
1888
44551
4990
24413
4980
35769
44203
18871
10126
41876
49855
20956
66393
39248
69669
21569
22657
192
28652
12956
68877
28829
17556
6209
49515
68015
67757
63019
62641
59211
45264
67409
61891
58363
8928
29346
42624
26512
42485
27326
42474
62660
3472
4823
21621
18208
50368
45328
63192
6500
30046
44488
8209
44737
5838
24315
69147
41217
60885
62090
16151
13921
40389
62101
26934
7926
22738
16724
34577
36988
58349
6338
17318
34389
29308
14354
12789
41996
8462
20844
48657
40804
14203
15329
47999
64903
57310
12633
34154
41961
57219
14272
66658
18867
27558
58504
8536
60072
18674
52719
44842
60271
54036
64493
33695
55046
2407
56581
60133
8079
58097
13053
21901
50199
50862
62014
51786
4141
53256
34690
38780
9616
66844
55272
14149
52736
24247
63380
40522
34124
3594
56437
14167
40926
53521
37948
11706
13817
35846
48576
44048
29441
55366
23113
36469
44787
51471
39828
68980
42528
63353
20593
69414
2186
45094
47059
21174
69154
58109
55105
45928
11877
45318
63514
55320
46779
19569
5292
58721
69003
23966
55276
33152
29180
3439
16816
56133
59017
56319
49657
27265
57911
5816
26852
36505
15496
68900
20287
14378
32178
65584
52704
11443
66528
33629
41777
33450
25447
64577
4540
22101
9976
68885
65137
13482
3983
50615
58577
64960
11566
7568
6938
32440
52381
12159
26035
4776
59274
39929
25065
14063
41429
51704
47970
49300
19743
35279
36524
33452
4913
28124
35415
51138
29844
26632
67155
36078
15164
32300
4035
57542
38148
53637
47580
17291
3495
45064
27845
43516
16118
35428
58755
20854
20526
22686
52971
39848
65962
38185
17098
39262
50081
43828
5325
53268
32426
45769
15007
47014
66892
39303
27705
11008
15369
48424
52376
4718
14580
55368
19380
35784
17509
18948
26361
64314
16114
59473
39588
28247
53891
67566
17413
59936
64188
66074
28099
66431
14123
32928
51419
56810
7298
10021
65697
63286
11567
18617
25098
38139
8040
35932
12409
17190
10828
47967
31185
39863
7675
22009
18039
65166
35154
61134
37526
26044
14504
65586
29270
12592
32577
68662
9211
6532
26496
28127
37978
28202
63789
37395
12250
64383
65438
27505
50994
2327
32469
7203
7906
7863
4760
12948
38657
31331
48948
41027
49771
41814
65376
36966
24819
20369
34370
57437
69239
48697
64860
13270
33430
4137
49590
41673
27998
9402
20453
4529
68826
53367
7748
27538
68858
35266
7073
46197
1807
46066
20832
54985
53467
60280
61739
54530
46179
42050
7784
33159
5243
8353
17426
20273
43379
46012
50956
52695
44279
60035
69978
38466
53850
14570
57698
28507
29496
60413
24260
32189
4975
19549
35405
69006
47042
68653
50250
66474
4727
15083
59479
54013
59672
13553
10215
42626
48456
3225
9941
63485
54498
48841
50237
24561
52886
14996
31162
29165
50905
47025
37730
32655
52241
28314
44497
32760
6398
20192
54177
66987
37240
39446
52890
16818
58236
44140
38976
12618
18454
60589
64179
13484
5502
66757
49274
64487
62762
12766
46443
69714
31967
8184
61609
36765
3721
14788
37968
61526
23597
290
24544
67200
5968
30035
2504
42829
36345
52693
16145
68857
28864
65212
48886
46358
36782
9764
62533
56010
49784
28617
14810
67895
61125
15536
1172
44908
60500
51100
25153
13769
61429
61741
16673
65887
14116
67120
41556
48208
36550
57088
46346
31139
53717
55088
14304
10760
50331
40880
40244
66643
19216
16216
38834
12677
48811
17316
40622
48399
13352
9856
9780
58379
18066
62549
5916
56962
18505
43775
11028
18914
69655
31261
14534
482
19908
33694
55957
15295
36674
47674
66671
62999
59847
67452
60967
21359
34243
3057
1791
20162
51075
4193
66734
23766
6574
2927
59140
51644
1379
28736
56126
8453
32262
47923
53108
63546
23325
44288
12879
62600
24170
10419
24195
56304
68244
25916
377
40376
33202
28944
4403
492
41977
22089
50833
28752
41567
39144
5441
39729
68392
26633
50006
22909
42029
57857
28900
27963
44466
15920
9058
33084
29195
66782
35268
28411
44451
45277
44885
50812
29774
58499
59836
28325
48524
15965
41387
13948
12237
6838
38651
48345
33511
69706
64369
38499
54167
6178
57457
39833
8155
63556
13807
15015
30962
13422
64210
1947
19246
41986
52802
30685
27954
22421
27622
52223
16961
40395
6186
14275
31134
48922
24912
33980
65791
64342
27295
2630
16975
23993
34101
63634
55942
9506
38838
18313
59271
55768
67141
56348
12137
61918
37277
45194
62512
10199
30980
52360
47072
35660
15471
22057
3946
11018
22214
25067
64480
8944
50087
48981
2670
11250
61513
41192
16834
12698
51276
52675
41451
45859
66447
20339
27806
18487
15087
1102
35950
5964
9663
24346
257
64307
10388
2586
30181
15498
49587
17490
25008
9881
55183
41804
60850
24454
29185
43421
29250
42565
54855
40604
6886
33602
50850
65018
37617
1556
1789
41254
59432
42326
59655
18059
47824
45471
35272
24935
51394
69448
42386
67006
33816
34625
59883
38859
39989
39369
54403
59416
27026
2023
9597
5817
51324
41574
8777
4080
35610
56948
10633
32459
30020
50818
56062
69482
25474
46085
61887
63898
7814
35210
66885
15074
11337
21271
51326
68069
46126
24776
63823
62712
13094
45369
61838
25981
56484
40935
19162
69949
34116
58650
59180
54865
58261
12216
3295
54504
13365
55295
53884
11855
48563
6204
48627
31446
39159
5905
69130
47345
12755
542
29987
32978
25555
64145
48832
48696
1071
27478
53799
25421
61492
47181
2976
54551
62664
47763
39476
59985
15856
24906
34278
12829
17579
3733
33203
12578
4857
64809
29511
37867
40611
17882
32277
14866
65077
62702
14056
49825
15376
58090
66556
40808
29938
68598
59492
5513
23087
26616
55944
32975
30641
28665
41597
67106
38250
12195
37915
57647
46848
21584
67928
12184
57828
18131
44386
1097
28997
39644
2551
37115
13380
58338
33449
9897
60631
30478
40405
30818
55807
5408
33285
35506
63772
67169
32433
49803
33463
45093
6567
44142
69216
4619
37495
54042
62165
44823
8213
6855
38247
8762
15567
1479
56889
16208
67034
47417
65226
52377
2888
16552
27033
67913
33377
9026
40698
61394
919
6720
58370
55325
26292
47261
27325
68471
47540
68256
51460
37130
1001
42341
7399
11184
6476
51352
11958
29691
18187
53245
67228
46486
41319
65616
68962
21597
53082
27452
53170
22729
50482
32546
29331
28566
69297
26835
66158
61298
62964
26467
58714
53508
33072
69794
50949
66093
30271
10463
37894
3197
16348
17785
37131
40455
19012
45560
57055
49191
20283
60056
14656
48636
64289
65552
58979
27138
26340
54435
50874
41229
46232
63754
14318
22084
63384
55323
30
56425
58127
4189
15364
51618
31423
47503
64198
44771
69602
58929
10851
11571
59317
31476
27165
43052
20208
21038
7599
25100
12165
51171
12700
14792
60881
7426
22077
21875
21951
8548
27262
31107
2851
11369
69835
42040
68767
54271
59879
62016
48938
3935
45393
64598
2466
43207
30413
25118
30190
20467
29277
8215
4926
12020
58364
10885
22023
2672
1028
10140
1742
54648
65513
56487
5161
3013
42699
29330
18004
12325
67237
37073
19215
66047
22180
47421
42891
48809
12998
30225
15774
4451
39721
23393
63734
55340
69290
63304
32000
20514
37295
65368
43857
68255
38490
36625
42299
54879
10280
16603
37610
50253
55455
9478
14957
9560
18653
69170
65873
46720
9187
33045
16255
35934
19844
21649
25800
59116
12593
47745
36533
835
32805
7095
13125
5385
53667
15347
41740
43205
1949
56162
52638
15837
311
32933
23618
57941
61694
51080
1772
28035
13112
26202
53638
51262
69989
37789
63713
34678
57530
67837
53859
15697
65557
49674
45450
65592
39507
12080
53933
37314
32647
33669
48457
5869
6781
15200
65248
31747
31804
5503
65125
13539
9449
14289
32368
51543
13605
68195
67681
35555
43519
55511
36140
48709
42398
26840
28778
47373
11533
24678
12938
41233
50846
23480
6419
5525
16686
39504
43707
940
31348
1561
36871
16121
62224
45639
7621
17963
32864
48599
28332
38740
34908
41430
27123
62240
2027
68723
55522
44151
44707
28031
541
42643
68240
43691
2916
11732
7462
27679
11025
29559
1737
7316
3592
61320
46277
18764
22082
12404
6739
50532
48545
66221
62618
19269
18625
9047
25814
68981
24861
56783
22816
19729
54134
67260
58699
6359
355
34802
62397
42357
17775
55950
21144
1331
20445
36563
58015
35691
46209
7575
18085
1546
58178
47616
30740
3717
12504
40806
51103
25693
40790
4399
11310
67604
34207
64727
18462
3629
34398
39940
67388
46168
20755
60296
65789
33680
40953
28745
53319
36700
11006
44546
28970
8310
63995
47300
3543
62861
6607
24841
15472
69569
6326
19852
1061
53714
51539
37711
44888
52347
50894
7979
49915
16777
23710
29150
61275
13716
25834
36489
54049
37415
21382
9933
30688
36498
16324
40862
69643
58020
30522
55218
780
42117
23975
32224
41272
66610
37144
63256
14815
41976
14902
3578
47284
7615
42306
58843
52288
53490
61059
51774
5720
30673
48839
47556
49927
19048
56031
60457
12837
7927
10312
43547
31204
42045
67326
39987
63367
286
12899
25011
54199
11379
19978
40041
37760
63761
58106
4682
28335
38217
18436
2383
19233
38269
7648
5732
40833
9465
23271
49976
67418
57007
67585
43111
37807
37739
9036
69445
28329
12056
41369
36387
69163
15056
55767
35149
61447
51875
11782
3723
66223
40686
59796
25682
43667
34602
6963
22465
68299
3026
18781
426
11851
17531
65329
21479
19951
17710
37873
9166
38735
5607
68820
36826
16017
52785
27504
10993
67401
63293
21054
62640
33025
39066
27658
20037
24079
245
11563
69537
29288
69048
45160
8064
26527
33357
37200
54160
67524
61234
30428
19368
40693
19384
1090
218
28173
49654
14155
46263
42112
54858
33519
58536
33465
50271
18493
57444
26799
60145
67094
5930
13685
22682
37519
33789
20380
39478
53773
44600
8026
12912
8933
60334
53959
8469
17169
6548
61676
35137
32242
51503
45832
63621
30715
3779
38095
43990
46165
9841
65741
1367
52862
33598
66420
3639
22915
23622
34293
36433
27939
61256
30870
24322
10776
31692
5162
16177
8862
42949
58868
5364
620
29605
24252
24443
39204
34249
66730
33404
60014
68004
68
48595
7067
66899
45849
50688
24985
64002
4803
65558
22400
17047
35909
48312
47785
43848
59792
27984
50076
24468
18183
18741
5197
8432
27636
63616
7871
13317
988
42128
29452
65059
64300
63536
12622
6760
33925
37974
7956
44437
57908
30291
51247
33742
14097
6360
53238
61531
64337
60792
33412
68661
8176
22461
27556
3671
52486
57072
27588
48158
50052
36581
7328
48810
45150
51923
63288
32953
9234
25777
19800
41406
33940
59076
23309
16913
9906
36803
20544
38124
9650
65623
45942
47942
40475
24984
12470
59964
7467
6198
21370
8433
18765
18738
11572
65931
27791
48260
23847
39044
14273
5781
30799
49523
54870
38957
12813
41407
68249
1578
58190
31910
17263
39162
31806
53942
12253
63464
56610
14655
35891
48407
39547
69038
27380
55264
65747
44953
59759
23800
24479
22312
4511
15206
31086
53708
32774
26274
20849
20407
47803
14894
17596
813
36493
1064
56181
3447
16242
13075
46455
9454
11595
3777
29071
2077
61620
60165
49558
9171
33918
32582
8975
32264
9661
19748
11654
8634
37732
11059
1142
40361
18329
36444
56939
22506
38540
5853
26269
27057
44841
50604
4354
37782
16892
30154
24
47555
21607
36293
22209
63661
59795
37641
1633
20410
69737
34998
20612
12572
11868
22393
29947
35456
7346
40671
66188
11700
30023
4275
55009
56398
48578
22758
8339
26015
21126
48802
21197
34994
2567
9376
16867
41175
34382
22354
64108
67264
50560
66740
33696
20828
37813
17808
52865
3331
9218
38804
60922
26765
37055
34544
47172
47727
59235
17951
31586
1798
3135
69171
69910
23738
67227
66486
31319
29438
34571
19812
103
34248
55350
62825
23449
56087
51587
49450
21029
18826
60664
14671
19677
39754
44049
11424
37712
27192
12002
15962
6466
21376
19023
24226
60161
66895
11288
39108
14055
26125
63763
26837
26914
65054
6636
57254
10842
2250
65408
4904
36352
30862
65622
29771
51798
4126
6305
20032
18082
46397
35029
55040
15729
26219
13683
17555
64465
6441
57394
66275
61240
9215
4111
54666
48722
63263
69689
25629
2016
61357
27412
28593
46517
17384
69379
67112
27095
24575
21863
8344
17720
55410
32311
58206
35659
21341
20803
49405
28976
29528
52200
446
41547
48533
27736
68745
21392
43831
7917
35895
43812
20797
52524
9163
10146
27724
13386
2494
48875
38304
35821
23382
24393
2376
43407
5927
27170
14343
17825
41086
48593
61054
37139
67289
7163
57086
26233
174
38284
159
66034
24287
392
43380
4644
1762
13337
46467
5745
11812
30595
34374
59417
8524
10396
33349
50042
25316
59174
58635
6839
25561
7333
51608
29370
29177
31797
48450
7142
69454
69235
39076
1686
67806
14638
37264
37518
433
58374
23310
41041
2230
27079
18508
48060
25210
63699
35489
48464
4459
43638
20946
5766
44781
31527
18355
46485
20571
33175
35822
9751
62431
31673
63980
16003
33573
49728
27733
41884
30297
61138
19860
1591
44582
64698
9606
49956
10975
33861
4442
58639
59177
57373
30090
48840
54744
48711
38111
54838
2365
7056
44733
42077
19330
29619
35799
4106
68300
12609
67899
1533
11358
29359
56238
68355
65847
12786
68781
47130
15038
7803
13598
30835
4635
1890
58867
64110
17854
2812
39377
49209
40093
14693
67547
12275
46831
56455
45367
49135
57265
46756
11966
6387
43022
18104
43567
28959
36947
34263
16128
1187
15891
31145
40651
1826
28956
57285
49809
36426
57121
22644
23646
46769
61373
37093
57189
69180
39762
62171
5093
54748
37851
52155
33497
45580
14720
5987
34751
11742
69103
25935
44135
14014
23681
67277
34903
44189
56194
45237
21242
43166
61375
45236
49717
34610
760
50794
6304
61702
64859
48362
4915
16618
27573
30613
49508
13372
31654
5888
61009
11262
30180
34417
50112
19373
28386
34444
50323
64535
4366
5415
17581
65023
35065
18305
12100
32540
16856
30325
65
2231
31672
60907
39690
65563
24025
39830
44044
38046
42749
50489
34505
69280
53554
28346
51250
29353
30865
46505
44307
59526
35150
78
12345
42682
3562
31592
27223
67848
182
14106
68655
51095
21186
66010
65526
19225
26197
67593
46200
55848
10354
22763
53761
7651
8501
69133
12926
29953
8874
11679
16699
26615
11169
31143
44676
25708
37046
37628
16361
28079
10668
21443
21433
49573
19599
24138
19983
32884
36224
54073
55812
15883
48718
5682
14270
38137
1415
57578
55740
11375
47792
25707
29993
66297
14923
33101
38053
9619
67998
16687
59293
19228
62830
5711
37795
61527
16784
23692
3101
20807
60060
29048
11728
69990
19693
5419
8466
21004
27219
34478
56757
31487
10132
21718
52207
38325
61436
66932
6924
53645
49320
49734
35572
27448
48252
24740
41579
65512
28646
56599
52666
33470
4280
6670
68927
36861
20581
3016
55479
65634
4562
66213
53403
36378
42782
23636
27795
36567
21364
52024
32077
26198
62237
57448
27183
52511
7213
31236
23707
10934
20926
39163
23905
30528
3939
48639
12651
61749
46288
5186
69088
47665
31219
46436
40527
25292
1145
14615
29091
54850
45489
36198
11976
63176
44051
42092
68641
61049
10349
16507
30430
42978
69649
14781
44235
10656
62578
23845
25603
52152
49559
6977
50292
62528
4789
9848
19419
37671
13153
10594
550
17110
46402
54337
17937
18560
35140
43919
43988
63400
36768
48796
42331
25606
31310
28697
45641
50167
58069
13030
3568
49262
43621
12864
40080
48674
40652
16907
30384
19101
33572
24102
56555
13276
21058
16490
49223
68757
29034
62706
52002
67640
9554
50835
67281
20012
23644
18199
7002
65881
43947
53664
6340
49544
59560
41933
9565
15764
48942
5474
52582
67845
63314
67085
12629
44448
37335
31746
17337
64518
9194
15222
64236
37234
65328
6028
9095
38357
14714
44500
40121
2370
54320
38495
27970
32915
19147
23438
26349
20329
26921
193
21530
14521
27426
48615
33823
28748
39867
44460
59240
37886
32955
58
12678
17260
38472
9514
22891
53789
23894
50570
57147
54412
39087
39060
22544
52766
65153
12317
53400
12566
50066
48998
63669
52230
44713
60167
13591
57715
48094
24376
11597
33937
7834
33819
67758
56090
45979
7612
66831
58126
50376
8481
9831
2935
18648
24810
14747
12298
61537
24695
57650
55718
39339
31468
51182
19974
31055
62130
8181
55401
35014
13804
60166
27114
21259
35040
25856
42705
62232
1329
33862
14821
57252
1802
59045
28506
6981
69684
5089
21010
32720
45860
64244
49175
68133
7596
17473
56612
12915
65182
67667
38582
35913
46037
55433
41289
64468
61822
69644
43169
11003
50408
60710
34666
22219
67894
62979
27128
69760
60160
47146
49435
24779
45041
34024
65086
12916
15092
32130
45660
39706
48344
53613
69678
6229
2109
42710
17135
59688
36745
10216
14194
49541
52978
68892
58648
12352
40164
53239
37391
19056
15256
56634
24355
46911
25123
45925
36381
25884
46008
22218
47110
44706
23320
46237
59469
27119
23592
37883
38348
53510
46977
22516
59720
36311
29557
35573
48395
26902
46387
7074
45361
42143
51315
55420
45043
32905
33302
32110
63220
27455
61979
9207
21590
9651
8661
19468
24026
27463
47522
57488
13039
6494
61072
27245
3169
22485
20219
37492
37750
9240
16629
17159
14492
36903
5517
42032
67371
55065
18592
24953
24627
29475
15733
57364
60815
1756
29939
41001
19168
41153
59929
65116
1924
65944
46747
26674
41515
26410
14050
65740
52397
67265
56824
40410
33523
5774
27263
20614
12639
36597
41412
7473
63780
68138
61146
23149
19099
39748
42188
9760
46836
7454
26303
49964
51703
21541
11084
31715
65669
52634
34594
40123
5363
12363
28118
4008
27883
22808
3938
53221
58564
62993
48684
58352
9275
59598
62790
19457
66974
30363
19175
9834
52091
44682
43849
55969
48723
65164
47125
42603
32168
22313
23615
54352
11979
42344
59034
44195
42869
34461
12265
66756
20791
59493
5577
44945
48583
35963
29109
11142
60650
23700
20555
24110
51982
6996
34873
38421
6251
55435
29450
34631
21540
34667
15478
66749
38159
20912
972
22708
59110
388
30012
39486
26860
19406
30139
11576
27575
25243
29134
25489
44105
54512
5940
4577
28121
30654
7533
30068
28810
69181
46150
40893
37010
100
36507
25093
14588
47483
24739
14878
32557
48859
40396
56462
60801
46301
50463
26788
25983
29397
44561
29068
30073
9972
56591
62787
41910
21786
17126
9799
18723
10170
8045
40690
22032
66758
58863
36191
7594
54743
520
35119
69316
9158
13911
8959
57382
33400
7287
68263
10905
68151
49283
63056
51599
31147
7639
69809
56059
14778
6062
67023
52148
24329
43651
62508
33033
64251
11163
7653
9227
24357
60651
14647
48062
48791
59801
2033
51520
42138
55996
48679
47323
65010
22281
61260
9601
44240
66458
12650
10179
10886
865
15976
25949
18966
46431
13872
3048
39535
43925
11249
48196
33777
26981
44410
16791
64833
56648
64264
37323
47500
27274
64142
63224
7123
28283
10328
53434
22213
65593
12574
62223
7377
4971
15013
48820
40151
58156
63415
15103
20308
10861
34212
7410
10708
26341
41316
38722
31452
17207
5717
61354
44326
31385
65595
23675
5422
22410
24193
271
29641
42441
4136
33676
64661
45970
16761
53853
42286
54460
68279
48714
54632
32807
27752
11415
20537
64970
42433
8424
54727
9488
21243
47324
5047
26121
5505
61065
67957
11174
48813
24073
51215
66403
59931
11927
49966
20347
14752
32327
60279
25281
11625
31001
48769
36657
61635
40074
1337
69769
12697
14594
44401
61849
19190
46967
7888
25161
51007
19232
55233
43007
4954
8570
27910
6439
40314
41231
40536
18135
9395
36565
37765
27775
56446
19470
37126
61224
56452
48680
65564
46260
12682
57324
19211
15902
7676
64220
21513
56813
26747
31009
8619
17506
51431
55837
41535
47612
4525
13973
49652
10603
63075
66249
13234
29742
12436
62388
35772
55532
5703
20645
511
45778
23324
43341
43597
48111
6684
60841
33788
40974
63659
9372
42318
26549
14109
29785
66541
52161
38887
69073
20452
3213
66614
51426
12664
38560
66951
7358
50418
36568
42927
24461
29735
51554
8984
51955
66105
49194
22339
19033
23483
23753
44883
57984
12248
52854
10756
7778
56403
56809
16640
55170
26917
40363
68531
44186
15691
64020
45422
63833
37377
6691
31395
35172
55666
13503
36976
38149
4708
22849
46719
46930
4528
5983
41238
33014
21373
26183
6402
51665
10783
31626
56611
48279
9428
7059
1857
39663
58140
2926
32989
15441
2154
2896
15622
21134
55738
11799
3063
24029
16484
60467
37999
7751
54216
846
22282
32858
5499
57019
29063
67011
55386
25880
35766
31340
34468
4076
53533
64975
29695
35410
6814
42767
18511
34713
56928
68022
36592
9165
41649
16491
16528
11684
17766
65612
49847
54159
67866
12060
41052
4918
8423
26753
62899
25233
34983
33209
22499
49982
6327
20122
34564
55022
49417
48430
44550
15468
43799
49922
8982
1776
32239
51687
148
10533
6518
44791
50613
3052
69159
26717
16277
62056
6017
25822
9403
56156
19116
60121
38212
27181
47812
46268
1163
64467
1594
11034
29889
13201
20902
58596
7264
25518
33520
62817
27338
54251
45416
25845
43745
9031
50832
42620
30495
13401
46437
34131
17923
57214
30580
40771
9551
2147
46959
60272
8837
9584
32642
21284
19985
55699
33105
63428
11328
44952
46317
21315
27120
50401
38955
52843
55594
41391
31786
40907
34660
65470
23282
51389
9970
24848
18294
56639
59459
17949
69983
19323
59203
27188
65668
67741
39072
63399
366
18692
8153
19403
45605
53652
8682
19752
48598
48422
55623
38904
35146
7236
34283
33426
47605
68839
57096
16680
54050
39094
31358
52462
10049
19149
12611
56988
51715
39526
47244
68141
45797
30148
32663
61787
25665
38042
47096
18688
7672
45459
69466
51166
28101
13224
4988
37778
13524
62673
9323
12419
53220
35340
59531
59282
21823
47051
48174
41270
47940
69702
23056
26560
381
29056
14826
6286
33333
15311
26262
60207
29591
5931
49162
22914
63798
68003
46021
34702
55584
26562
30421
62805
43804
62201
52650
55324
22906
66255
62461
17616
40526
16049
43880
33186
21671
39836
32002
716
31578
53322
69581
66206
23685
36936
49254
50806
49136
2135
56651
2871
68973
62136
34142
59962
45024
27565
10966
5479
34399
36029
50834
21281
38702
11067
26679
15027
59300
3747
12793
35875
47636
43571
16881
8780
48647
14859
40504
54933
64366
64275
30591
7992
39609
44576
58494
60923
295
65439
11678
2692
64604
26885
25583
56855
34255
43117
8434
10615
22169
27671
30926
17522
14971
52269
24177
9951
16800
61458
35493
5032
58191
1684
18970
11913
10637
17223
28678
18877
31482
46790
65204
55348
47264
16735
12747
19782
33156
15388
28705
43916
21617
18884
10860
29369
4792
44205
53024
3751
29728
46626
27718
14433
41569
13361
23071
26805
48105
4373
60490
20381
190
48616
62214
66079
35262
43695
62371
16462
55866
41671
68447
43772
13757
53646
65892
7214
58221
61911
11895
40170
23321
62956
35439
36471
60639
21724
19732
26681
3318
14925
55870
62559
16554
56089
8633
2762
25314
69113
15455
47211
59949
25939
53381
58355
13837
62079
13558
34860
11734
25792
17465
42719
2228
46633
53928
47435
40764
54729
2127
2955
18408
58637
49210
14136
61734
20114
45726
67564
57560
22639
30371
14233
51969
17231
12031
46296
15174
29630
7904
40540
1211
35713
41426
4867
49547
5705
57588
65959
43779
30912
62011
7384
61473
7576
59259
57146
40223
25980
886
25283
62732
30397
53911
62849
43756
47437
65148
22859
21846
55503
9593
9515
5342
2129
28064
49787
35588
28276
16654
14313
66697
23742
8829
27686
29759
15986
24075
3305
61809
37386
18347
24836
69762
56681
11166
52023
30360
52686
4490
5603
56407
15944
41446
28777
2988
14989
26749
45862
34953
36028
44905
16329
33685
52577
14692
45530
16508
13154
985
62442
25305
2860
32678
37537
49214
35237
68287
65809
28812
32910
4160
12865
22917
16616
47486
14044
33928
10757
50294
54588
19811
62568
60192
68758
69248
4425
42688
32143
49019
26968
62362
23356
32623
46351
35798
60811
346
21861
53984
17730
36775
33441
64940
43841
48438
58307
9557
3665
23614
12167
17366
45745
43802
2588
28222
7175
28032
31555
54956
17782
6859
66072
17598
43415
31109
18272
40270
6589
68801
61753
12553
67251
5679
9458
12754
11050
20137
16313
27416
21828
28471
31379
61510
64092
66769
29010
51133
26277
54326
46072
17354
6979
68642
26071
4162
41138
68062
29385
41752
9639
29715
499
46330
50360
28885
55625
2399
29130
10489
3868
3513
18358
52759
54339
43221
63917
38087
32734
23872
36485
47592
17006
16164
15246
38206
54463
40597
12427
65537
59468
44403
6314
23143
54531
28520
57656
29064
30794
54739
65613
34808
36827
46067
49107
60542
25296
4995
41159
35648
9080
38871
12594
60602
40609
50815
50717
43429
33748
25612
5843
24502
26924
6274
35576
44183
45565
65520
8363
38811
46591
52471
1657
254
21162
32836
33651
49838
29086
29218
58759
67607
577
64804
46921
18464
38428
17602
41472
9003
63859
56144
14561
55541
1607
64858
11161
35884
2984
43122
52608
22950
22076
6650
59652
45115
5521
38078
4606
16389
23076
54543
38856
66390
24259
23051
56345
58130
61922
51367
51277
69376
29470
17243
26001
64948
52366
29654
21664
13612
8409
29656
4460
11591
68690
55831
27199
36601
13012
12229
26654
5232
55071
19967
27334
4933
33100
14327
58155
53705
43676
15817
11644
54081
30781
658
717
32741
26791
60034
14390
69635
50184
68937
51231
52059
24788
23025
62494
14976
955
32804
12402
49323
25968
54462
23186
37356
44515
23968
35073
62865
63460
20200
33926
66905
45286
32954
35179
55805
62793
68348
3167
9693
67712
60239
30923
5357
10294
12604
50831
3232
59932
20024
68788
37325
2563
33751
55280
34980
3524
6528
63476
36522
10877
3125
29824
31679
60106
7417
35122
55737
18394
22814
66786
49779
25620
21468
4765
42279
47795
16139
5055
6473
45984
67709
6750
62069
2972
58048
29950
17924
13130
47311
59709
55213
31772
30301
32314
51235
35323
28077
12112
39090
25279
65247
15731
34745
17759
24821
30788
59599
59264
23762
28301
62367
54388
28218
60059
3339
40993
18470
68627
27502
33343
50602
35413
62725
37222
20474
13744
21097
60896
35524
42463
64878
37515
3474
23340
61061
650
50345
62433
62491
43420
44419
11465
3603
2415
36415
60557
61490
63791
65468
10374
12222
23154
23613
32913
28825
65588
45119
48098
29101
40985
621
16369
41862
4517
3729
36924
66645
53888
18721
13282
3676
34717
34346
58287
23119
50053
17512
27464
65699
17023
25306
26995
43016
60752
11619
68793
10967
69862
38623
6256
64029
42021
52344
40702
28886
39975
43500
30560
43900
27413
19465
45609
20204
51045
8098
54535
6310
50550
47603
62714
42860
17497
13332
22755
2675
30721
59054
56790
37667
57350
53299
2227
19115
61239
16385
45120
28473
37470
35205
28876
35066
16202
10274
57386
10957
22572
65692
58299
40152
49947
2704
13700
39420
66303
50920
53915
58249
26268
20696
2506
58406
16467
5169
62530
43079
12779
52033
67075
43451
5009
12465
12966
1302
19272
51593
60301
46172
47890
5004
61113
33146
11517
3883
14904
66576
6492
20448
47515
38049
13205
55470
50170
12816
24409
20619
28152
61793
15911
54958
57766
25830
2535
33028
49507
38616
54690
52672
62551
22802
31
28694
60848
39660
33334
10554
29349
21973
32319
65856
16952
3866
43781
3614
38995
13860
1083
55377
34214
16498
50886
20913
13783
66628
66763
58054
33650
11466
69774
23200
29156
38564
63866
1642
10714
48901
63871
38918
67140
28249
4712
59322
33891
56258
17033
26470
59632
8118
18144
60701
61205
60480
28400
26362
15598
60033
17060
64834
5731
51953
41262
51976
54934
4631
1611
32768
45307
42241
17691
60771
8586
56529
63165
55312
58197
8049
27506
55409
21200
18589
48278
45588
50755
25054
4098
12054
66149
8571
6694
28058
22734
18174
42526
36402
38710
52407
59143
7824
9269
21912
51507
3771
42359
46208
18655
26737
62711
30243
68075
38227
53561
47919
43402
1927
25258
196
13959
28012
19322
51168
44108
16766
54009
13172
25087
55260
12888
14845
14732
41973
39608
8906
2660
19635
34307
7486
22607
54592
25288
58458
35257
21494
65581
11997
49035
17174
11685
47839
61543
66692
60688
47910
748
41374
7494
2172
63157
10972
16275
29027
23326
54678
22713
40042
14166
34686
29726
3349
49462
6978
40661
30623
37300
18449
52513
60423
57499
46908
46201
14970
48994
31421
3166
22697
60813
39760
66996
50446
49805
48404
52616
17217
29259
57172
57205
20746
41768
57664
45579
27936
36627
234
57071
36710
48245
230
65392
37039
37117
954
10479
16279
17601
62501
9416
13425
64870
36743
33472
27572
64524
32946
23884
46494
68321
5381
12458
44284
63018
47971
10629
68371
9179
653
45151
59179
16693
39813
8566
1970
22688
50433
64696
14059
30722
57502
16600
2076
44247
68551
25181
46983
15294
61668
58326
21247
18252
8356
281
54515
7605
15067
13062
26144
12877
4140
51190
19529
63266
64515
56657
30582
34683
46266
29183
34113
61263
6131
35158
17056
15720
16854
40399
15673
23167
6841
41824
62645
18268
56993
49457
33275
51590
11201
18644
2542
21008
8904
28888
63337
858
29028
2639
53684
64259
41273
49543
6747
11066
25514
27184
6240
38736
33689
24774
42497
47005
34402
18325
36333
48798
60777
37529
43470
5530
19944
49843
45581
24955
66363
7957
46668
6420
51879
46872
21426
66857
18641
1175
45414
3249
40049
30320
21033
22215
66662
56259
69668
10061
36348
51856
8405
63127
21794
37623
45366
68119
50063
34002
5017
63133
40444
8182
2434
24160
23494
57812
23612
2953
66183
50419
907
61396
67460
63168
28901
52196
34216
14416
11079
52030
28866
20423
64624
56050
32595
53205
44420
52819
23589
54612
33883
30081
65362
897
8824
24494
38016
37842
58969
65565
66448
31749
30293
5367
18623
18414
69320
34922
65186
24288
43537
49121
15440
6683
6601
51349
32753
15
18035
9237
15923
15974
42179
29175
39692
24617
31382
18572
32845
63639
1020
25055
55246
17588
33271
34638
19588
39225
13327
32157
16822
41162
25344
21380
27186
12055
31668
5672
8032
64691
63039
5472
63158
13603
23751
37859
17728
8282
7211
11693
50805
23653
48968
44622
17985
28549
47099
65757
44976
26421
15168
60789
29057
5722
4768
43674
42586
11540
38803
47008
49008
50061
10180
8723
59621
12632
17082
12180
48213
54308
37735
29531
53407
62143
41837
17941
38502
51137
19293
27699
9966
15265
34120
60437
16209
17696
47080
19746
48982
20095
24996
6590
55196
57964
43425
27792
30140
40288
299
26559
44591
60119
17289
60320
19133
15972
3984
47066
23247
60608
43201
3070
52656
64393
43511
1623
12641
11254
49880
34788
57244
19198
21627
6612
18351
58676
9743
15847
47758
46507
31834
3201
22531
3881
1609
45293
62515
16338
17876
58254
60913
9278
62396
3510
67795
44778
69793
26429
57515
62907
59601
4907
12217
24622
14571
5300
19078
38563
68700
22664
2760
52068
12657
53202
5482
46652
16739
45719
29768
60530
28532
65382
51070
13570
30392
21320
42462
63984
7891
63143
46116
60649
55332
37447
52191
37597
39466
15251
29264
21375
9264
21452
33442
62961
34
18341
22637
29261
52265
26597
52600
55379
18974
43417
66928
37225
12509
6775
61608
20496
66523
45894
40220
52593
29401
55839
17604
60620
30266
29478
68864
834
58179
66138
60293
51898
63731
47523
22575
1716
42410
37612
60660
63829
41066
34891
26486
15427
20272
63501
33201
12378
18444
298
35463
4895
41427
2148
50647
12929
36805
14353
41584
51531
42495
5129
7633
36594
21566
62701
39657
25809
61954
8556
36626
48887
65188
20393
9023
20073
38335
23015
69060
43302
22111
38906
22798
56150
36847
24277
28555
47249
25265
62629
62985
13107
12041
32384
69325
57417
59828
50705
34509
14864
19124
41948
986
50738
4119
60720
47623
57129
18836
6113
55793
15297
43902
29021
27231
9958
45649
26621
29067
17119
16940
44043
57128
66491
62332
34593
7626
18561
32684
36307
3092
51980
25571
56114
69396
36490
6389
50343
3870
47634
48506
42187
35021
33254
8980
28638
11952
26074
66963
30165
58649
61284
20125
56012
56204
15357
61423
38881
50079
22175
44257
14453
5192
48586
19299
48073
34328
58919
41023
1406
4951
32079
667
30971
61033
62251
29194
64669
24849
4996
33227
39231
4790
39355
16065
65361
9863
61913
12088
64397
63681
69826
12840
22887
44452
28404
61858
40948
15646
45809
33049
11740
48930
50090
40490
3144
20026
13507
58514
40397
23029
63690
30477
12954
18532
32382
56589
37828
35980
53283
17105
50737
39257
944
13217
39003
25432
16051
60565
55117
50601
6706
26329
50413
36325
41497
47569
67505
10412
11527
63376
67096
40245
48983
68293
58796
43586
16104
20167
55447
21128
16923
57458
30963
23941
5096
34696
62650
1432
29659
33929
54248
62475
15690
6769
23146
27988
17708
52131
15825
2185
44636
16075
34812
45663
21670
46410
38635
2914
42709
11361
59046
34395
32237
50768
7138
45771
63736
4626
38120
6782
46094
27307
26055
40404
38671
41564
46638
65864
34543
6057
33508
41901
48437
22840
59561
53749
4100
37570
26545
33428
62556
50967
895
36326
51557
7348
24674
21183
59890
67525
61569
68677
21214
24314
43832
39437
5700
9375
33290
14283
59559
53110
17954
47735
55904
21411
30217
65477
19874
48546
7480
22233
63253
45742
25797
5081
7736
69225
27901
13917
18915
68008
5219
56779
69829
33257
95
49551
63231
9852
64420
22900
33769
9298
55257
44357
41855
36361
29416
67098
19455
51688
66335
27929
13655
58470
3415
42185
54629
66376
5576
59856
49163
67713
26139
50115
40553
37461
40989
24372
34159
42174
14247
13497
59906
12648
51157
44645
43354
1042
44483
32587
7210
14906
23553
68367
30487
68251
48257
33828
46371
46016
36377
19889
58439
33604
43824
5779
37825
65263
45665
57920
59342
4321
24398
18950
59600
60466
42203
62163
69525
27799
40784
41541
54400
7206
1074
9057
35854
13755
31924
54932
48828
18352
23511
58272
18005
50471
28804
31676
33790
15547
22500
7246
60439
51674
53414
26441
21620
46734
44243
39592
60931
13331
1233
58690
43363
64054
13278
60237
24187
35940
24017
31766
30596
4274
54174
55778
45370
43364
59752
15738
60844
15165
34657
30696
15432
3529
68667
64722
43810
61162
14842
58761
33900
20752
68582
36882
8133
13622
53429
53965
42220
11496
58797
28500
21698
37816
32425
1596
27342
55234
17225
52293
23207
33541
50028
2178
17349
59318
35987
68059
2107
23824
5798
14345
20656
8313
63809
44255
62769
4075
58528
56250
35508
62040
27510
4594
25888
41826
15532
63382
16692
38419
4225
13301
23355
68378
18073
42309
20748
44058
12445
54418
37577
6927
67163
3061
39270
59280
27896
35193
22543
57837
36833
53119
44388
11892
21253
29872
10574
13924
16430
31213
68427
22573
61096
10746
38772
60812
68518
42039
62466
19909
3168
6723
34776
31344
30107
23535
24145
49423
49325
37489
29085
64247
69645
45452
13419
63477
3643
15956
18659
21171
45072
28042
68634
58157
6994
11501
11610
57410
66945
63615
15371
10014
52176
46009
24140
41924
57839
20401
36898
3062
61621
58818
54708
55604
31068
17996
36356
69005
38833
25479
25136
37536
62723
31195
65310
25883
38452
23959
40903
62281
15670
22602
15215
28945
37636
39306
5327
65266
52739
38334
14366
40783
42057
56833
29965
33579
56106
19979
11053
26555
43692
66732
65501
42373
41871
26785
6827
58857
41921
25453
39546
9932
16956
27875
25526
67362
53564
52356
33229
45388
48985
7065
69007
6328
20068
28662
59840
24328
34460
65120
32585
68912
33303
5884
46689
28929
18321
10871
49124
66178
53036
65210
16325
9896
13509
55884
61980
6884
63225
57421
62676
61785
32169
61215
3251
7629
22364
26250
33794
53820
19040
28146
49862
67948
17783
36960
45807
59065
19942
28637
62410
67151
66940
14672
8262
21666
26449
31913
1435
25632
53629
29199
57611
15602
69945
9696
21056
12313
45990
1057
1621
12970
66440
24605
8579
34068
9333
13245
53027
48021
9302
31465
417
26978
56215
53246
54936
49354
32745
69146
55207
51353
30611
51298
55771
35519
11263
12983
54321
6120
35837
61365
65495
47049
59842
23756
2425
62322
8016
41085
16029
35827
23774
48271
53451
60328
52436
31670
1305
51423
20441
15272
25141
52807
21747
63397
15922
47671
34901
22908
10242
62231
20703
64007
38523
11472
3859
66674
47335
39899
50020
44989
1989
15874
57923
16182
54211
37821
36302
63112
168
40542
33507
40754
7816
38204
40865
24712
45183
8523
41830
53544
54610
2686
28046
16311
10192
1475
34008
40129
1166
39988
56642
10086
64576
22728
51300
63238
40092
16448
17299
28518
11042
38828
15334
38187
54351
63200
17107
9890
34486
19911
21068
8694
21711
3944
26443
27515
18432
32345
21592
27871
34848
6487
5080
15461
21342
36041
21439
26892
29440
54558
51444
11347
29136
35840
67442
42245
39222
18495
7195
36538
9898
11809
22295
6835
2938
68342
51595
35419
56071
52872
67844
14787
23765
19412
10124
2098
6949
66909
57058
1112
18262
42669
9971
14709
9404
29604
8575
22286
42562
35228
35782
739
33180
33312
43180
50161
11974
67261
12867
45527
56530
20874
63292
49670
37248
6587
15581
69302
35793
62800
47677
59881
7003
58938
13919
24882
12319
56523
36992
53680
57021
7734
6578
44434
65598
59007
31003
15444
40496
50187
34075
41057
4422
25148
6379
48523
46508
8157
9009
20792
5269
68889
29140
26697
37385
38079
21723
59339
10779
47000
69570
20725
64392
53456
51020
30199
54067
27661
51682
23228
31794
62357
68901
36831
13239
13574
26676
24786
44032
23831
55030
28437
56957
9198
64190
48282
31661
3429
6888
34104
59160
32923
55504
58147
54848
56535
48090
54816
20592
35425
46083
18818
35098
6701
41750
60817
51769
26184
46380
26142
26050
62415
59494
75
67541
30221
64194
56638
17745
2693
22997
44292
24659
68148
26453
48007
36850
47541
32544
62917
41102
63742
63566
44963
29529
53219
66589
32076
45231
48655
44899
5157
15001
57641
53954
6538
43934
60976
2869
28181
67812
11316
68418
6100
59568
16514
16824
59623
48619
61140
21534
21581
23479
52492
33204
54805
48318
12785
8783
13952
20817
27819
42614
32922
13696
818
58421
54458
10974
58343
54110
24101
42803
8832
12705
40733
22229
21173
30123
41538
64283
37606
69580
29329
59551
21332
34314
41173
5886
67523
51611
22962
65051
21100
7256
61870
30254
1177
10747
25683
52439
3442
1306
10272
56368
27597
64385
10690
63706
18450
34826
19887
831
27862
47444
42755
15679
59369
18392
40941
35455
43319
64786
54411
60535
69229
63361
65449
29921
42811
48620
48996
69866
19146
58545
48034
6329
4616
58044
26918
66538
66840
3322
11483
58642
66612
13101
40091
30700
26644
56625
54829
6033
16396
20432
58293
22751
8641
40851
60894
20127
12989
48212
65149
28189
45522
58014
55663
42458
52935
59244
69955
17758
34902
44132
37929
68054
65198
38
33274
63725
46773
49087
4603
56760
1720
32038
58784
64012
51949
26286
59776
30473
1213
15912
10815
1073
2744
61159
14663
5656
37533
63053
68605
27770
68610
49437
10392
22469
18090
21145
63029
39037
66329
2727
9170
35339
18573
53969
54312
48108
1515
20809
5331
48083
15680
27923
67082
63177
57847
67892
54478
66869
29089
19438
53611
17484
39136
9279
559
35350
34035
16962
28762
39698
18722
2654
54105
48413
12358
27966
31705
18054
46291
59171
54410
67880
11314
17779
45322
43102
10287
37697
61299
5956
28577
12453
12387
28809
69549
65828
56276
35778
67968
45038
14919
8384
58311
33178
60176
56643
69825
27377
37554
33121
35194
41476
59858
3894
16642
37202
13722
7616
28061
44912
59226
11841
45574
2214
18916
61057
69888
25073
50266
29608
65012
13311
43907
59911
40587
32402
24658
68869
60471
30711
53215
56315
16337
47294
1354
12742
65532
65765
29343
60268
41503
64229
51836
42089
5319
42173
33671
65916
50235
32668
28033
42734
23413
34596
64057
3354
49849
64750
3152
54834
30777
24989
28981
25207
29203
15548
55329
49287
63670
56543
32091
66999
39356
39347
5799
63680
35239
29924
42732
45006
340
28212
13687
24609
37713
57887
16721
54752
4503
7640
16805
60097
14635
39113
18691
34872
11724
66214
42571
42744
32514
47425
45876
64523
11620
110
27528
63416
1314
25539
10504
50033
40707
64552
44741
56821
44993
17018
56949
42750
31602
43031
35868
23939
24568
39252
47256
50453
41964
58059
49364
35038
54734
1286
63870
40680
50387
43446
13476
62655
30609
47352
51072
6830
10820
23717
53131
23378
68868
47188
44014
19009
12175
69759
18762
25022
60203
58137
11151
50416
54198
8212
12982
9683
24585
37405
48889
46123
6080
5309
36542
9382
61788
53346
54143
25529
64100
13829
54246
32035
42093
26855
17283
24594
68230
52913
48743
6773
5002
56065
14980
20924
65730
64177
62352
38086
27149
20182
12393
2591
42654
334
59839
12788
40039
44080
22541
26768
12145
64855
65091
50194
32187
29224
30350
35562
6183
1868
22004
20429
37251
15391
55151
41545
49441
33516
66511
66250
9233
60757
13516
15231
9150
7652
66564
64380
50186
11382
18862
44130
69770
2750
42655
51094
51200
17172
10149
26752
60921
29443
47474
26881
33884
7012
24046
2915
24016
20379
14777
39091
56532
27451
4449
17400
3479
67351
31186
5109
18554
23562
27304
40365
32691
35925
32027
1159
17833
12197
31639
11344
47413
11696
61148
37023
24431
8666
40145
45492
30255
49317
600
69186
22134
17573
5100
67802
8863
26381
11116
42991
39381
32218
33093
49661
14120
52980
56051
44634
58301
23459
56517
18519
29542
43411
14381
38835
34552
36543
45938
20692
66408
51359
37457
61052
4595
3271
20248
35220
10658
56183
66061
49280
46194
6408
68970
31781
25223
12988
42668
31785
49668
58302
44138
33279
69036
29763
21102
40062
51084
26193
50947
40896
43404
3607
30748
45331
19024
55456
56492
1281
20304
46622
22523
22690
65706
21561
33356
2882
28790
29923
63234
13851
31656
3142
2571
8749
45716
65349
11120
56930
7218
28435
2278
45615
10111
5358
10490
68072
54358
30670
66369
14043
40523
45723
37631
13956
21413
29587
30999
33200
46823
52522
65208
58705
49990
16480
63889
21892
40066
22691
10947
35550
33127
61884
4158
26170
26950
31763
44695
18375
58889
69674
61013
32937
34923
11332
18597
56073
14574
52557
67552
29661
67188
44918
54416
1735
16298
13733
42517
30806
5767
38237
3687
25674
9716
30310
68824
27767
58085
55806
55669
57215
37016
34512
24190
1270
59925
32356
39109
63876
31401
46624
40714
29286
44010
28961
63299
69015
30045
56586
65270
27872
16345
53298
13719
62842
52354
13353
39954
49965
60311
29783
44211
54148
36439
27376
2251
1782
69820
14417
36288
4994
15660
61280
60708
692
2353
52107
586
19968
56804
54020
25424
9364
57843
34442
49253
21112
55484
11884
52516
43129
4554
6840
46699
33514
69857
2706
20735
55530
4584
21305
56906
54957
63134
4174
262
27620
10041
20131
2167
48482
412
54474
22296
63953
38948
54973
17377
48449
60299
40986
1119
5258
55265
13324
31607
21393
14936
53804
54518
9362
61331
39230
24806
45103
43400
48819
67164
19615
59734
28792
9902
21224
5177
5971
30209
33939
66771
1950
54687
18093
24059
28038
57637
2810
48301
33836
57582
25407
43206
55810
8706
5200
14573
1668
41987
678
56662
5875
13832
39007
48782
55364
40889
2919
46187
8506
53164
3413
43292
53741
18419
4257
18481
20074
64367
31548
68848
55544
3003
51034
1390
20109
19905
56209
1751
67424
10727
25753
21715
16519
1583
16008
48123
38491
35858
12918
49120
54165
47117
21518
30359
53676
44668
12014
65906
8910
61580
49650
60373
2917
45627
7301
10845
43701
901
18261
28836
60381
47519
64550
33717
52873
54715
52536
27062
58403
16117
69106
60305
30914
26135
23389
66327
64372
15068
1664
17896
6944
20030
5932
38788
44156
18844
15447
60113
25815
42307
6128
136
3728
7656
13313
25925
27933
15052
19371
36501
20049
68097
19087
22974
19756
58800
60086
16214
65496
25798
9855
42760
65284
37768
68699
39333
34235
28277
37398
52455
54391
27248
47721
67338
8683
33157
32026
39916
26663
16002
44859
1938
26491
26627
8943
39338
2390
6660
41887
1058
29966
36062
60630
14029
47189
22696
64923
45193
49041
57910
36355
61412
50968
60196
26397
10862
19833
12981
54978
24865
15844
41487
49841
53869
67994
67230
60823
42120
27677
57554
13784
25077
69188
62602
3885
67660
43566
40758
9203
46879
9886
16592
68903
63248
4468
50236
15655
35566
48764
12485
51461
27672
22606
471
35886
25329
25035
61422
30951
13925
20829
5187
24542
66258
50456
49179
48635
23352
29755
65218
57531
7994
28340
32388
53162
49016
47992
27166
58558
62384
47804
44153
6700
7717
15389
35334
47449
24647
18165
16694
59572
27801
16779
65872
2482
35887
35055
45622
61784
25718
2874
34824
7787
17206
24189
22362
7712
2194
19955
19976
63954
1105
27072
43314
15685
14013
34288
65258
58597
31822
18776
46390
69245
36644
52303
69799
42875
11909
35749
25978
65836
1146
23909
14520
50678
18389
41601
47108
11076
8784
60149
61307
66172
55217
41852
1358
66166
12491
29316
5544
62722
422
26554
4966
23233
68740
69540
24950
28134
42280
8965
20774
4196
57803
12768
29620
11893
20064
217
1156
45254
7179
34810
18346
55707
1823
15600
15914
10671
57111
52992
22474
64929
52821
20374
46883
21438
65434
28111
66012
69813
67730
47081
43355
48855
62594
16874
36064
22412
67450
67154
59056
41033
59393
40315
14579
66479
49241
58975
24065
12075
25122
49708
16599
65967
61504
25232
48276
68733
41296
41998
45946
28658
17373
21311
26263
29120
46739
52839
52164
13294
23539
48132
54495
47908
20174
46849
36643
57752
6377
60200
57842
25179
41692
24019
49276
51874
153
66913
12454
68783
9738
9940
37254
12071
4875
41311
68717
63085
8360
6013
23270
19489
67259
69506
20539
39602
47731
65871
29831
32620
48220
38082
65046
64496
66842
62806
61730
2718
6272
66991
53437
50193
37310
56506
64504
50828
28722
38686
5255
48058
23004
40676
50528
56423
63240
2657
14665
8132
40273
7396
4473
43927
63440
6754
36598
66578
68199
205
28109
9168
60132
36401
46704
62718
46457
17630
1528
58636
68215
40551
58270
20528
33877
5972
9876
43875
25928
35637
63757
11554
63049
59115
12765
3755
35657
36759
44387
23176
4963
7678
61024
5401
65131
38587
42261
17140
33808
63289
10469
22862
19545
17458
32832
18055
63581
35635
44428
33070
53186
64003
33501
2074
11665
67956
66432
13742
51090
19640
43944
52742
57802
55327
4316
22706
40209
63331
11775
43454
64821
13300
24871
33729
18576
38038
33179
64059
67311
22855
41775
21444
34715
33113
26822
57456
37751
47357
52386
42966
65712
42522
63099
29026
35917
13806
12383
44268
39891
47564
69138
37520
11948
6316
24545
1917
17431
43588
65142
21018
47390
67747
10916
65530
64672
3162
62413
31367
24420
60831
49218
52553
39519
28468
40149
13481
20995
44035
60575
30066
56613
21201
42592
57808
49392
66096
33359
18919
32940
56291
979
39171
50959
1500
50242
29481
64306
3235
36639
9091
33707
68273
62606
806
42189
16753
55733
1593
43434
62292
62708
7170
2348
17232
65143
11031
45161
34163
53627
66017
2258
54393
1713
13106
24211
58425
26901
18410
39872
6177
29563
25853
22634
60745
33190
7172
64486
57025
63818
34430
22467
2013
34825
19275
61796
47017
9731
29850
46876
64368
4433
45454
24156
28517
55477
54965
17326
51104
52466
52663
48606
56346
24317
43951
23080
3195
65234
6734
31338
27780
20966
4450
14429
19689
5010
37763
10782
46140
11090
13027
47149
22261
35951
26431
4097
29464
56704
21877
14444
35488
53872
65796
33168
52379
31849
8352
69205
57957
60245
60356
12767
68497
58248
29607
62867
61783
60658
36375
29435
34363
41650
40137
2904
20647
33953
52534
65768
50460
44444
9611
65874
65259
29456
39010
32873
65290
69498
131
14867
431
32334
55354
39488
66641
55627
63709
49464
37250
42608
67346
28949
7260
48762
11806
3743
9430
9689
53368
491
25618
15585
38176
28552
9184
51395
11950
14564
52754
69604
64034
54806
9482
10694
53539
43089
52122
22176
47977
36322
2863
68730
66929
14559
55923
5019
69183
10670
11101
22743
51555
61696
41674
43157
13376
47932
68083
5304
11928
30517
64126
59445
68719
59047
6579
23887
60430
37465
34237
61321
3049
38845
68838
25357
51037
7525
59866
55962
60514
52055
44875
60782
29354
67172
12544
2193
56636
39084
10413
21831
20412
20203
20406
24778
30714
61001
10520
40338
64197
56985
60727
53633
4607
42506
35009
19892
36047
22563
6707
18619
31665
21117
24633
15783
58114
65674
67162
38613
34763
69426
59516
56373
45483
29773
46473
30133
26311
206
47328
52081
1381
16259
56040
22407
1338
68189
39431
11934
35102
47095
51547
53046
48092
1497
60724
4135
39682
24213
24380
10094
65491
47203
32485
25650
28874
30079
54057
16149
62783
8138
32022
30054
13253
2475
37724
66196
38642
58529
39718
3081
24121
13067
52629
41958
6078
27200
46892
58588
57944
44671
61198
62459
6845
4932
20266
15990
22924
16931
11924
8594
59051
67725
27450
22892
43835
700
688
55480
45623
55927
40876
30720
21837
23672
18742
6939
19898
11888
9746
9806
52099
9396
18824
52591
14118
59860
28690
8899
57046
56120
111
3426
32889
10849
56163
44994
52198
27508
64226
27035
13713
52046
39158
10744
58103
54399
33496
61152
15178
54278
66226
49219
54685
29676
21796
19005
1514
4659
15204
12932
45961
6788
17813
57043
43329
8286
67786
1429
36673
19687
39553
28045
63793
1405
59289
9521
2922
37865
38590
36332
26784
14794
62082
56318
24754
3223
67357
67763
58978
46506
55546
32740
11407
26931
61665
18956
59362
52816
3340
24228
14945
18192
57429
38626
51816
23202
26521
2290
32219
20218
3722
6021
10477
5152
18395
65282
37103
17077
64945
21050
16392
25699
35924
17786
19745
13663
29847
6967
15172
31102
53123
66413
66374
61359
32520
16897
49757
5341
17258
48398
42405
4928
48632
59749
2892
30436
26622
64106
24940
25974
64473
23068
27018
60321
8825
43301
13176
5540
22332
62177
35851
35695
17114
32897
18029
12734
35427
48149
60578
59930
17181
6954
23603
46654
40239
4155
16469
17241
52006
45233
8035
11534
25374
22430
48219
25878
18089
18872
57672
59579
3617
30198
16609
56989
19339
23435
37971
14400
28538
64567
24118
40056
7068
27436
4477
9108
65695
51022
514
69544
8381
21209
65949
50339
56733
52294
43493
4335
30030
36025
20673
34242
28396
67211
8366
51736
63696
37297
66475
33713
50196
58932
7970
9296
22746
24271
50639
18205
41695
45513
52874
26732
25649
43505
60266
41302
69791
44376
64121
24033
56834
52646
22624
946
9835
59133
58792
4983
21793
60571
11753
68231
22222
17150
8990
13982
15156
57907
52893
39604
220
52297
44714
57240
28233
60605
59150
26879
37027
30294
25145
65777
18099
50226
14805
66900
44196
12762
45525
7327
20758
5116
57557
19863
3276
43372
13556
13347
14899
14027
42061
60058
38175
1319
3423
52133
17998
33172
68585
3698
44646
249
9286
4154
3928
68555
56762
68837
54486
47820
62681
36837
55185
58530
68558
11512
18443
39851
4183
39088
53412
42567
42657
2329
16984
7423
27363
55650
48163
35785
19159
68701
9484
32312
25667
24529
45559
35929
10953
2339
33429
61169
10035
34338
454
66696
35603
57805
43648
23596
18608
68708
37060
46777
16119
16122
61506
48869
41340
69492
55838
12277
55032
65603
50946
41306
8912
34545
21206
12596
58490
11565
28915
34888
28894
43455
10261
37396
2767
1283
63064
21464
45642
21042
50721
68984
23714
46709
65525
6414
68840
59803
66836
2773
439
51967
68999
23802
45848
31850
44721
13411
41174
30587
53542
53567
69803
4054
45354
20159
59337
1995
30174
29275
16192
46035
28766
50040
22464
706
38268
49117
64864
24840
8253
37292
45932
32810
48659
55744
10387
22309
31237
35326
66597
21920
67382
19555
4509
16924
55665
43105
12286
25001
26338
55426
12751
43649
3093
51188
63335
48540
42122
29295
67043
43572
59527
21248
40113
50246
4346
7136
41561
49949
38536
54511
25579
38706
43679
60928
34333
50501
28374
12560
9748
17635
28726
56652
40098
28703
54943
46746
11210
29740
25838
6390
48181
46958
52925
14355
57359
65484
11484
15877
48681
69729
22948
23976
25669
54208
19268
337
12135
123
5755
29687
34060
63735
22165
15190
8555
14348
43786
14673
19483
27031
4415
58838
61269
57378
6159
13241
45969
61220
32259
28324
15966
68156
57974
3972
51244
40633
32509
54413
30013
4532
59485
30024
12980
11203
27076
28840
51710
31813
14908
722
3302
19387
24730
56086
61557
26764
64027
61010
38761
42687
19452
58908
6513
54348
19804
48358
16222
27337
44012
27278
40369
36838
69224
38885
65875
38285
68277
5867
16134
23665
40653
27869
10509
54837
16061
35145
9427
52660
28262
3971
46080
30729
333
24236
57796
46687
14046
51203
50354
36445
44168
62666
1442
29692
59650
49806
37799
18060
46524
20028
5827
25736
51337
44120
52082
15851
32399
39953
20702
61333
52255
66002
35223
12960
22012
62946
23002
32058
24957
15510
17593
6344
34210
65096
67358
4664
11133
20888
37467
666
31730
29870
21478
59142
63916
63269
43510
52828
4972
68276
48610
35287
64184
68609
5601
22651
48330
22792
23388
54429
36664
25030
61082
56626
27122
7497
44054
60195
13397
5375
9519
68080
57154
58549
62996
18842
13071
56976
62858
17664
27873
8301
34412
59982
53748
53740
34118
43609
13581
10282
3585
37455
38424
19801
65066
2002
28108
50548
45682
2987
11746
62321
34351
25877
31629
9675
18240
60685
51113
44468
17117
3123
26267
8371
50106
35282
19252
53870
27834
63126
13260
3486
24867
56678
37099
50581
61644
61628
69126
2021
67936
11574
69911
66368
15739
45727
30947
41313
53099
41418
35585
44679
28253
3313
5064
69244
19916
26350
62875
40165
41435
55770
12045
38652
18463
68406
12801
62843
46118
66627
12949
79
1571
20357
17899
17080
34103
47678
52096
55056
20491
1443
47412
44395
68703
14808
58930
6009
66302
11651
19777
66791
27738
64262
26216
10853
15755
53861
6213
13280
16494
52668
4496
34909
42607
48197
14674
18442
47262
25965
61522
64266
67944
61323
28574
46224
68035
68325
36661
7321
29047
21161
42902
26909
16788
11785
58661
32875
4663
12643
35675
66681
69663
64156
65019
38823
3180
31100
10728
382
15721
5937
40613
50562
31256
14995
18260
28074
48154
20705
61209
31282
50320
49189
62877
2488
4101
45431
64001
19118
14895
36859
50329
20190
62449
42775
50897
69539
61192
4910
50263
29114
23151
38837
40716
58465
15615
37311
10496
46471
11942
68792
11642
48352
32392
26603
34710
34052
64852
16070
31906
2679
67517
394
27288
34029
10023
13726
18793
22280
20534
44760
54444
57599
56826
52922
47035
25070
42489
64876
21624
51059
8999
29861
34869
64327
34300
69880
43815
29582
33086
9294
34093
10218
61844
23750
10907
40269
36830
21608
7401
68001
45991
5593
17271
49152
9954
11296
14502
18530
50809
22473
45336
52877
14461
67518
45275
58454
28011
29769
5346
19104
5317
7914
20181
23947
54823
48736
15317
68925
19320
36822
35607
36734
56235
39955
68011
46502
55500
24660
13566
32154
53710
37019
12828
59988
23565
47075
49196
21387
69333
40179
54524
38054
28958
27615
42438
35765
3913
40586
20830
19340
10667
34814
13134
59128
44301
68236
29973
41853
62205
58659
16825
51042
68736
58805
66022
41440
18308
49054
26471
12663
58460
59189
49887
56579
63649
12774
59347
52626
52748
66566
47391
37388
51679
2705
11289
22022
3363
13448
11821
28272
67447
41794
18796
51122
49537
57289
26324
7324
30653
22173
6163
62581
51407
61511
7278
19742
55099
56606
24421
28399
29556
14774
46114
35485
67856
28919
53448
54606
45802
3820
64119
26601
64115
11323
26221
66984
56744
40088
1839
15803
18660
13025
32256
10151
37912
53788
58488
27410
30453
23240
65364
47023
60387
13240
41227
10613
25449
9779
48864
21421
50449
1436
10345
21731
42610
37033
4917
61625
51126
54261
9983
67278
29178
2715
53440
9785
23460
64919
35666
68160
35227
32503
30523
67562
31110
27826
49554
32083
11722
36462
10083
69514
67619
62277
2970
8445
61529
6551
49023
56550
27301
25786
7051
58727
33700
44334
21420
53379
16711
12039
14817
49631
8559
21410
14649
47223
35969
46378
47654
26656
13995
66637
50674
50491
40362
45505
54440
60644
5651
66813
60674
37677
10850
3332
12440
14568
38004
30187
35741
32722
23257
52374
46666
61661
69823
1138
52245
2440
50802
64911
33003
51025
54913
25907
22355
65175
29904
66880
27595
13666
22482
63543
44018
3385
41944
31792
3622
45871
17895
5733
64273
65535
31609
20066
13825
57867
26926
33724
68111
485
23769
11761
53591
60995
6702
44745
20459
37708
61977
44457
56794
53273
2879
61477
59497
42895
26626
37244
63726
67300
28093
9989
9986
10474
56960
27361
34892
65214
25349
35866
49610
65524
31503
34650
54663
24208
61986
17294
68883
58180
19807
47660
65630
44438
34177
34750
19407
53051
34548
13060
9646
21745
67985
52850
42419
50932
12367
28611
24960
22298
35134
32177
39821
29492
9305
37703
67680
57749
65487
48210
9063
36760
36397
15285
10890
562
11960
39210
42000
55596
20935
38440
54253
36392
58377
56680
15306
9655
29558
10547
43833
43489
65675
6873
30594
9293
44829
22777
18922
40515
27006
8047
59701
42768
7313
33219
43592
63348
24918
61565
38277
60341
61180
51900
59019
20113
22670
50410
41232
31839
55297
37811
19972
9692
31263
43114
20554
36994
4894
16911
60671
56249
36442
4882
45321
52134
12871
24652
56607
3096
63259
47562
65790
57966
20354
6797
34401
42058
50553
32920
5936
59521
11508
445
42447
34219
49570
42062
29271
17532
32193
61724
34975
61606
34226
41137
39841
60698
36618
50865
29857
38429
10672
2943
49182
16397
54506
66626
41560
4071
63988
61869
60736
16903
28854
64623
16698
52361
55231
68851
18984
44909
53932
33967
3193
68329
35236
58708
69198
52171
34669
45278
24307
67210
49243
13028
26073
34443
59025
6018
19179
27395
56936
30805
1230
16835
43644
8705
14181
53384
49478
47780
54497
6448
9190
48940
30482
39040
3570
41532
21667
69369
16108
54331
47547
52085
5670
62092
7315
8787
23642
48079
10176
13262
68874
12546
42594
25112
96
25899
14383
46541
67699
60090
15732
42859
50128
9752
707
31214
9632
69278
5496
17338
52287
24001
47057
55134
38321
9284
6367
16321
15871
53430
13949
25301
10161
12797
30063
28842
33194
38033
41808
21458
19080
27950
35436
60352
33718
38925
40568
61017
60893
12432
6194
9129
53459
40894
2852
68511
65335
27797
31814
28632
24557
25000
57017
57114
54993
60935
10087
14491
10398
66903
49127
46041
784
16705
67143
35956
55148
50143
32504
2025
26865
33876
23951
18525
24057
54540
69855
9125
54424
60508
10918
24292
30471
34490
26182
30618
38431
67546
67504
43710
41029
46236
9634
40885
64140
1844
20701
37540
30256
53729
15957
23512
7797
32912
68077
46620
17402
54366
37655
16637
65183
9196
57595
50530
46621
49788
33683
69408
24858
45026
29324
6912
61903
2577
37876
11128
11327
67950
29300
9199
35908
43321
38524
7331
63042
39492
29675
32626
27552
48845
40236
57629
46526
27511
42612
57316
23473
51039
8585
57385
52341
65637
25576
64736
8598
64155
7684
5154
19015
24720
18795
18320
24751
61494
39521
14231
8456
47479
45846
67884
58337
64280
30041
38773
54377
18100
2956
58758
62005
48871
54995
63891
65837
9840
66212
11009
41433
27185
58372
51485
12764
48919
59705
35213
46423
67245
16862
57739
69087
38471
53650
50512
17634
24290
19084
26156
23409
57361
55413
45028
39412
50936
22406
18368
43636
60795
58887
56221
47350
20540
61075
723
53767
37407
23749
15107
49125
45362
23760
35575
20262
67105
20900
24109
37477
25604
20878
59491
66816
18969
56882
27180
31328
66510
46683
18413
32316
19020
16456
39282
23828
21139
28906
67796
32791
35115
23469
48530
59461
2175
63865
203
34794
48447
62959
49678
33611
23343
53555
57959
66064
66083
10174
27629
33882
39603
62919
42289
52542
45329
54926
6677
2041
7470
42396
48566
17151
12972
16504
6284
38705
21131
41822
19090
25164
23097
3188
49627
44711
48885
62247
44285
61873
28279
36034
51404
11427
58482
13618
14766
62057
59706
67743
10296
63016
57778
47205
48780
17193
8137
47068
42550
52697
48902
44098
15464
3521
17755
19437
11922
31500
52237
58915
47259
2463
62647
19686
21817
13467
40196
15814
56203
10350
24880
12898
34012
68425
47583
30323
41304
63182
17871
10376
38075
16287
18194
20580
34847
11013
7932
61738
37096
20776
64887
65394
66252
65483
41064
6893
32951
40822
49203
41603
55929
7273
34858
39403
56923
2213
58941
24826
1297
40747
5299
19912
34626
40814
1044
21787
23833
16050
52093
56690
51562
8205
47911
55798
20967
22425
63321
29854
58375
20780
34569
56327
19780
42086
31671
1849
43878
65546
4229
2794
36874
49846
10602
12694
8759
44413
5246
24668
1587
5184
2708
5500
17888
9621
69592
41108
43310
55711
3190
41031
19900
41242
49879
45401
59247
32756
13812
61982
34071
28355
7209
40816
14463
28950
52498
65941
26955
65752
61190
63507
27644
53015
28239
44863
10009
28983
66635
30207
21962
38865
6045
43141
30481
46844
25912
36610
58806
15117
3794
5712
40159
26445
45139
55326
9460
40134
30288
44102
34456
68284
58006
46093
42476
10076
32151
33587
37112
28375
2528
41739
30908
1579
15907
32532
17799
42887
63178
46352
60414
29908
49185
66515
61666
1911
13477
30941
49716
63689
30687
56179
18814
46026
4989
39154
17203
17480
5209
9868
7302
62023
5943
45508
54304
37430
22868
27215
65003
5653
18778
28805
24833
15344
22324
46233
52640
12521
29640
58539
41345
42439
59460
46992
30982
30264
15988
50101
28285
30578
48386
45746
5955
52291
12564
32900
17715
64060
4258
7205
26314
34531
24947
26989
27243
27497
48475
59186
65385
30193
4023
42297
9334
28443
43729
67117
5378
49889
12302
69993
52504
9005
34234
5193
64521
57574
24363
43502
62290
30801
13363
36961
14255
12523
221
69288
4081
13615
6806
23040
52218
14156
8289
53017
65798
18499
24915
47312
32778
29296
47452
1808
28795
64498
63580
19519
45458
63217
3948
44762
28890
49347
18075
4520
8190
13838
11788
44563
9118
40260
5199
9999
10604
15223
34224
9973
64281
756
9878
5840
23348
56063
29869
29005
28030
5748
56647
34583
57534
2730
59014
30317
51043
11354
1220
22310
6059
58282
37650
50096
3532
47776
67946
44230
15402
61650
8655
7997
35547
50158
33600
66876
44347
27885
14256
42353
60182
50268
37846
17860
17525
22468
32301
19683
38364
66159
61778
31449
25546
58520
9603
15601
64773
61446
68931
40792
12429
53737
33082
55908
68899
53097
26948
24547
11963
43119
45095
2944
14907
18556
64800
64749
57369
19679
66632
2573
63846
63381
37524
53042
9172
2119
62942
63805
2759
60712
14023
14263
32017
64781
53141
27618
62336
41664
20170
54689
4831
37877
17295
31827
29647
28380
1271
63904
41954
7768
22857
22020
45690
23726
64035
4277
63191
66445
17045
18302
1643
17699
22068
6370
33998
69439
41595
32890
56706
52358
37350
51177
19531
24256
41660
749
37102
23211
5290
41769
68309
35681
35708
58169
3683
52826
21765
61899
20856
38453
63378
18006
13292
58115
13541
55227
19692
46917
19958
48805
27607
9594
45781
7669
66044
26252
38433
17099
49143
3111
63675
32965
52300
3257
50019
53236
33681
56991
3724
8375
65223
50714
20788
45421
4740
68895
17749
26587
64935
54215
69322
19280
59266
32419
1879
63055
8398
38105
36148
15291
14855
32896
14959
11634
2585
13889
65039
994
25634
1311
63587
46142
20147
21241
49851
5074
32690
28800
37058
15315
27159
26773
28859
17448
58794
29127
48161
27590
44890
60753
24734
59798
35
38700
62567
5352
10476
67909
45763
68992
54025
35275
60501
64294
36327
9543
36158
18593
42327
24106
45168
24895
58042
16152
39434
3244
49983
33902
48355
47122
42551
45611
10241
12096
10462
33591
30608
6087
14882
31995
16702
910
43241
60762
46923
67266
68504
15240
3861
15656
58417
11270
39936
53886
34438
31949
38830
8693
58002
22323
58990
36634
63402
18500
22809
19733
37432
1624
15335
12714
5371
48010
38534
47778
57087
56118
42788
46544
52829
29634
66873
43517
60438
2729
37336
1371
49147
28557
24817
14723
67737
2840
40539
51076
38605
160
30318
13863
37916
68866
55019
16460
9419
2968
45215
17017
22199
67364
68055
52194
40678
67489
30352
31894
10055
18188
53595
59502
32747
18178
40492
60828
35764
62119
64797
52868
69104
39579
54792
38475
64984
58129
29474
58737
51771
10570
24527
61315
33860
26370
26605
18239
16909
5526
16088
44748
30290
5613
46152
44514
34515
58573
66695
31838
57917
61573
24745
5265
55078
63421
5797
55909
36157
29538
69052
17848
46611
2516
58118
29710
25850
12131
1246
29754
13483
26249
45455
59567
1941
68112
28567
3234
28727
38470
8847
39388
12269
2019
51210
39345
8502
17123
40336
30340
29995
13298
2508
52027
10818
58840
56225
20627
37787
22300
46248
62437
50340
18602
20001
62709
42700
48575
25846
61791
21240
7159
65715
23755
41528
56768
12652
63374
20637
56070
39384
60715
37837
5533
16468
38880
29396
16407
39227
24501
7196
26337
44593
2837
24705
10102
59357
5806
44726
47905
14848
41796
48307
39164
65788
67990
26886
27640
15714
5039
38850
50133
50780
49797
1471
51479
21638
43185
9974
2728
14773
60479
18043
69601
10037
20244
57991
52987
30708
27610
8221
58950
36487
38869
22735
64996
65736
34845
39301
41598
25921
47978
27943
39571
55899
6542
47939
42847
36589
60982
8444
69275
14085
19934
38861
1882
16972
41450
68728
28344
19480
14556
39454
17481
25532
64225
19287
57736
42159
50751
34684
45301
34849
63822
27675
41856
43325
30768
46374
9909
14818
65739
42893
26436
13929
33176
63767
177
41849
42100
17711
905
22978
39849
11710
59945
30429
45478
52558
48974
33448
24576
52178
23605
12834
29551
20165
17474
46717
41984
51077
6226
12941
9221
58450
43275
20786
5353
61561
35496
56568
11176
43705
39753
63486
14987
64399
19663
18201
14490
52857
60076
68514
27570
53495
52963
1468
47790
64010
69365
19987
68803
25891
28515
43901
65929
22585
59315
66264
1767
11170
23399
41514
63537
7309
23508
42403
43568
50097
1694
21645
33914
266
47101
55236
37563
55935
50151
39732
58075
47601
59428
67534
31131
42019
66935
45206
7101
5632
115
7610
58654
19744
14244
22071
16390
34331
30164
68068
64460
31116
62289
61798
31724
6815
3080
6083
49333
34065
4836
39837
53270
5231
29368
57645
2335
44000
42800
27053
69433
32645
33909
24582
40905
68552
61077
47427
30861
15348
46670
68948
1617
38006
16771
63359
26729
42456
19514
47579
41396
58744
27152
57392
30920
58257
16197
48967
22161
52157
68104
56580
62798
22294
54998
3659
637
16342
8446
69208
36409
5244
42566
28750
2001
23045
5132
51657
50122
31891
42843
38318
3806
40472
57844
9604
25110
47586
59656
44202
31404
62035
48573
52168
48104
66018
50534
44580
58963
57893
65371
18632
4779
64675
13248
49711
66942
12460
57900
27959
1935
49440
22856
12928
33662
22923
51048
51948
8981
28490
7642
58088
54445
33233
25628
8680
66112
27609
51216
16252
52729
47344
31620
38369
67882
29172
13194
23590
60836
26932
29579
62116
32310
41934
69925
60112
5719
11819
32819
53562
35993
37638
48766
10999
53907
500
31351
22414
27646
25994
37913
22377
17075
54893
46935
7938
32846
42601
56011
25497
54562
14820
38002
9922
40961
55007
45956
55077
26099
30501
65221
32213
18068
5831
50359
57833
590
11269
49067
8373
8439
4815
25266
4021
51500
22002
470
38283
55336
10626
48558
13166
64531
52454
17648
13007
39587
46363
25560
39292
43480
16353
29084
62904
64609
60400
41529
35212
31909
62254
69938
61322
10015
60791
67378
60204
4060
18214
599
758
18835
7998
68586
36578
32818
44540
20325
60949
21961
27489
4869
44314
36588
419
53452
32676
21402
64840
60274
59104
39335
35445
67024
69195
30856
20334
11384
42340
55801
53485
39599
23785
51282
25715
47006
61894
56328
57048
29832
43560
25826
4000
14790
64445
30214
22225
16814
13182
57765
29154
56922
13561
44503
23062
63338
37319
5027
16547
18333
65217
15235
9509
47588
36403
60071
25769
13178
22453
63013
49220
36990
68993
69941
48708
8562
56
21633
30952
69753
12910
58376
46682
64703
35517
35653
34410
805
31253
25414
59437
62915
50291
18761
28107
67465
59854
12233
29022
3075
57294
57115
35233
68303
10926
38676
27437
15589
66267
33293
24164
26082
47090
65799
1576
68282
57471
35726
32374
3900
51454
50007
12415
4049
22736
58869
4737
27909
49299
41621
53222
4485
29409
14858
43627
57774
18978
37928
29372
14511
30747
47628
27546
1563
29820
36620
35936
15277
19935
10938
58732
16235
145
61183
48626
22975
35178
11153
53598
9790
49832
25220
20871
55860
37901
36216
22104
62435
61602
24670
1562
1505
2776
64964
53782
5784
510
36280
37556
46695
48071
53398
35536
27209
8189
11699
26162
51132
16558
22292
50464
34691
48807
55075
43199
12579
9056
64347
9673
13680
55654
19422
49750
55605
56083
28996
23057
23994
35478
14767
53566
47162
36916
27520
19395
59692
44246
22289
43633
28914
23599
38800
47346
44263
33726
10719
60540
9448
6070
25303
61727
1242
29312
61165
11412
28474
36391
45911
5709
12355
27926
63932
23815
69351
20263
34653
22968
60078
31029
41709
40198
27927
56730
46228
23912
27369
60744
37753
50867
10383
41077
44482
60206
13115
59409
25391
54737
30273
14664
18471
56169
56396
18477
44147
57940
43940
57275
44429
60773
41349
15870
44917
15252
51723
32724
39195
17869
10610
5018
33276
4409
63712
17279
64432
52983
34734
56270
11578
48763
7505
4967
51930
55850
22824
28594
29060
44381
16414
63849
48783
65716
44537
60002
7844
4842
10669
7379
8892
38092
60566
51681
2219
25675
900
38981
52052
58010
11046
18353
38152
65203
35537
10917
49625
36022
16870
7800
62103
47368
20312
60553
52012
4666
19566
43092
34098
65977
11411
2468
31458
24822
18706
3441
29384
43237
10008
39360
10359
28290
44491
26091
64360
25083
16091
34063
32464
15020
45733
40547
7034
40778
61050
20602
53217
48557
37142
24312
18460
13562
42761
42407
42083
53517
13592
49991
32801
54882
7703
39018
14154
55194
63868
68090
47705
4697
3969
30472
48147
28543
25574
41468
23667
48719
25776
10712
66384
16308
62651
63971
43619
52749
3846
26996
17102
65553
1886
25063
1257
32581
53458
7149
37608
17843
517
26129
53997
57594
61487
34144
23101
49296
32893
48037
50082
7418
20650
34865
68607
51
58657
26853
67198
41521
47663
56015
37013
52691
2259
53894
60300
19873
41195
5421
40964
47728
30404
43539
33109
10507
32505
66958
54287
47037
63665
15162
34693
33593
4204
30283
46226
59513
45895
25451
27466
17394
25831
50843
10233
20442
7995
2377
62573
45750
43197
44180
27831
7830
45296
1793
30769
28429
10127
44855
65429
61577
32290
21652
45174
63611
64212
11239
16245
42017
53877
36552
647
51660
51887
4759
42103
52202
36408
3828
33817
19206
67296
42681
26388
21059
37109
46919
47871
19875
26691
62288
5030
10739
4555
22662
31662
15641
9681
12913
36242
1151
17565
6718
16331
64391
16194
52654
46372
38297
30149
58711
3803
20689
16797
7456
48614
66195
53474
50795
29043
47229
22228
47786
13209
1592
9015
29007
43915
12326
57776
30042
21729
33403
46603
54984
29461
39380
21132
3319
18811
26900
42787
15276
22044
49699
6809
52671
6800
41516
11458
58724
64125
60702
19217
34664
67586
9077
13156
7120
43469
2742
8667
40375
9259
39920
35015
42572
41205
22447
60901
20574
56247
36368
33867
41257
47136
43065
45657
22898
9517
36789
14935
52914
61409
49290
57835
52876
51626
7609
12441
35697
32728
33304
29176
59920
17136
35867
869
68861
25860
6361
38659
41981
66484
41719
68672
27851
481
39728
39500
50645
35309
31270
46864
38971
4841
67752
33407
69018
28767
55452
48243
6732
6600
14576
4677
46684
67938
67835
65154
11598
49826
27017
34586
45542
42448
60037
69111
15717
6423
43204
46044
7240
63940
43702
65486
52470
44446
64428
10488
66219
27238
45155
69502
21425
59821
15166
64453
35407
2031
44644
31002
53805
54263
44586
21264
57756
47063
47282
8368
43958
64362
6071
16696
67886
49400
18501
25370
18210
57451
49973
59225
23727
5021
7939
59998
28082
23114
3727
66647
60655
41425
3248
37879
12249
57849
17314
37934
62301
56359
58100
37354
5020
64632
18191
63671
19328
60061
42037
18494
25399
44229
55920
15866
56715
61414
38962
22546
36441
32135
19479
33240
51121
42249
18927
49351
38757
48581
62815
15768
62597
14898
17709
30344
53697
25668
43898
34246
36358
3805
59236
62364
10716
45499
17305
63172
46053
26854
55553
890
20519
49233
69555
48973
40798
14724
43068
62124
18058
6597
29115
44978
20563
35081
53738
59924
3840
62734
51445
49933
66156
4163
44320
17533
58320
56310
25849
15730
26251
41315
25090
6988
20289
34654
63401
18725
54375
11605
47497
32273
52422
47464
29407
19463
39774
6200
41931
29390
31702
22147
11810
19954
3851
62402
54250
60988
18048
41498
29583
59426
7190
11864
50013
57605
1507
17184
37417
20552
20604
10731
66318
39068
15558
19836
66547
67715
13628
23694
22422
3327
9518
47394
37914
61584
35487
24043
33437
45744
24662
20975
62548
12656
37700
59316
55606
64209
27633
12149
9426
64222
15208
68362
18951
36660
31122
9578
60742
6468
24149
18367
6216
12028
46733
9874
55571
34379
14824
5622
64032
66180
32995
63030
55644
8223
17836
33266
35395
1165
26811
21158
47233
59239
29914
25057
12536
64153
63504
63450
32297
56154
34820
69204
5372
68301
59661
21019
26880
50041
17044
69628
13463
55436
3457
6323
38131
18686
24470
13984
6001
20151
19791
16434
3658
35974
7057
5652
9916
13305
63347
44163
7752
643
32013
58442
60966
31988
55357
44754
29423
47585
69671
66090
19815
7491
53422
50244
27051
24300
18181
18791
41098
3464
21082
29234
3974
60551
29776
54063
5506
64590
45171
65140
61596
16738
51198
42202
24289
25423
51061
29167
64269
10809
22745
55093
27864
53706
22727
12369
42711
4431
63258
59761
45836
30142
66618
26770
59778
14850
10445
36706
19867
46552
53090
7590
68171
51698
23680
21287
8473
36178
26347
37137
16612
11996
59506
36764
22230
10710
47400
35162
46531
64551
23208
36757
48848
39201
34418
17794
8265
13712
52990
68768
28235
51255
11626
33821
59095
65670
32879
34616
4726
39681
37762
39175
61454
26418
12105
57758
24027
27097
54432
53300
38394
50051
60255
67601
53927
49873
10231
18081
65989
59314
22205
56281
33360
28261
22532
6985
42553
51067
34853
13511
50217
15593
25203
17315
41204
11395
4613
327
58095
39765
61219
26062
15745
8564
47166
28494
61826
27788
24886
7326
23649
12015
53179
59090
38926
64411
24309
55844
10212
31275
1147
2220
62264
638
49009
4769
42677
7695
59647
52234
821
24838
2368
67317
21153
3020
35494
25094
15022
24716
37634
22826
63342
66539
34048
35553
27604
16383
37349
11622
23082
15557
48730
24022
43809
26296
62440
46793
39695
52305
68978
25206
19736
48462
61428
32487
21631
13525
47428
41163
18237
23998
3681
3131
5128
30451
26972
27179
21449
25487
65448
28561
69311
17002
51482
6012
10249
4589
39289
9677
825
21764
42662
49602
4819
55791
38778
25499
56406
55449
51584
58999
36921
53769
23308
62004
61845
47906
32463
44951
12554
69277
4058
2524
24488
65297
44774
36016
63280
44592
61825
38412
44325
4965
66397
16238
10099
13906
42797
36908
63862
32400
21003
56007
49277
5148
34989
33703
8013
61456
19716
30845
15885
48944
57773
50673
44882
38181
33540
10529
48907
3708
62189
55300
14669
68323
30934
22413
41812
56119
54026
10534
13589
63437
64246
60442
12307
35418
32353
37226
12230
62791
47690
62685
19219
18457
37874
44496
39193
8498
47842
23243
39214
60498
46874
40583
21265
24319
7383
20965
2825
16036
14512
2326
20756
50466
64470
64308
17261
968
6582
616
12430
43450
23640
57888
915
25084
23567
23000
44406
17195
57440
26495
13986
21219
63372
20404
64030
20186
45852
40139
64478
51260
669
68806
38784
62696
19678
33272
63820
20759
58045
13671
34457
30450
39346
38694
39671
19604
22475
32391
47704
37512
43840
13042
15381
12213
28589
27204
44164
47315
18744
42259
47987
4839
60591
35416
37480
23807
8561
53696
43178
42414
38777
23018
539
43300
62960
35432
12771
61186
28020
55508
50649
14641
43759
39160
31320
30018
51514
20879
57224
63741
58517
52026
65471
6652
21905
7232
31323
48225
9055
19014
11134
63817
25500
59588
34371
37969
6997
63026
12092
9754
31833
18366
57262
4376
25013
4985
14748
19250
54241
35850
8903
54349
35977
4382
786
12722
9060
7160
61895
34015
54272
29701
50567
560
35372
40901
44630
29989
27843
57477
54783
14439
64921
49157
31411
20456
32574
34105
2711
27217
664
36256
25170
1180
19696
4295
63410
6656
40038
44628
69421
7822
56987
51561
9730
62554
16821
24636
16896
10235
119
66916
6711
948
